3708            
4               
12              
0               
1               
20              
17409           
0               
0               
0               
17413           
32              
2               
6               
0               
1               

// Volume Independent Parameters
1               
0               
0               
0               
0               
0               
0               
0               
0               
0               
20              
5               
2000            
5000            
-96             
-80             
-50             
-30             
0               
-86             
-70             
-40             
-25             
-25             
1               
0               
32              
32              
32              
32              
32              
32              
32              
32              
32              
32              
32              
32              
32              
32              
32              
32              
32              
32              
24              
23              
22              
21              
20              
20              
20              
21              
23              
26              
29              
32              
34              
34              
33              
31              
29              
28              
29              
30              
30              
29              
27              
26              
25              
25              
26              
28              
29              
31              
31              
30              
29              
28              
26              
25              
24              
23              
23              
24              
24              
24              
24              
23              
23              
22              
22              
22              
22              
22              
21              
21              
21              
20              
20              
19              
19              
18              
18              
18              
18              
18              
18              
18              
18              
18              
17              
18              
18              
18              
18              
18              
18              
18              
18              
18              
18              
18              
18              
19              
19              
19              
19              
20              
20              
20              
21              
21              
21              
22              
22              
22              
22              
23              
23              
23              
23              
23              
24              
24              
24              
25              
25              
26              
26              
27              
27              
28              
28              
29              
29              
29              
30              
30              
30              
30              
30              
30              
30              
29              
29              
29              
29              
28              
28              
27              
27              
26              
26              
25              
24              
23              
22              
22              
21              
21              
20              
20              
19              
19              
19              
18              
18              
18              
18              
18              
18              
18              
18              
17              
17              
17              
17              
17              
17              
16              
16              
16              
16              
16              
15              
15              
15              
15              
15              
15              
14              
14              
14              
14              
14              
14              
14              
14              
14              
14              
14              
14              
14              
14              
14              
14              
14              
14              
14              
14              
14              
14              
13              
13              
13              
13              
12              
12              
12              
11              
11              
11              
11              
10              
10              
10              
9               
9               
9               
9               
8               
8               
8               
8               
8               
7               
7               
7               
7               
7               
7               
7               
7               
7               
7               
7               
7               
7               
6               
6               
6               
6               
6               
6               
6               
6               
6               
6               
6               
6               
6               
6               
5               
5               
5               
5               
5               
5               
5               
5               
5               
5               
4               
4               
4               
4               
4               
4               
4               
4               
4               
4               
4               
4               
4               
4               
4               
4               
4               
4               
3               
3               
3               
3               
3               
3               
3               
3               
3               
3               
3               
3               
3               
3               
3               
3               
3               
3               
3               
3               
3               
3               
3               
3               
3               
3               
3               
3               
3               
3               
3               
3               
3               
3               
3               
3               
3               
3               
3               
3               
3               
3               
3               
3               
3               
3               
3               
3               
3               
3               
3               
3               
3               
3               
3               
3               
3               
4               
4               
4               
4               
4               
4               
4               
4               
4               
4               
4               
5               
5               
5               
5               
5               
5               
5               
5               
5               
6               
6               
6               
6               
6               
6               
6               
6               
6               
6               
6               
6               
6               
7               
7               
7               
7               
7               
7               
7               
7               
7               
7               
7               
7               
7               
8               
8               
8               
8               
8               
8               
8               
9               
9               
9               
9               
9               
9               
10              
10              
10              
10              
10              
10              
10              
10              
11              
11              
11              
11              
11              
12              
12              
12              
12              
12              
13              
13              
13              
13              
13              
13              
14              
14              
14              
14              
14              
14              
14              
14              
14              
14              
14              
14              
14              
14              
14              
13              
13              
13              
12              
12              
12              
12              
12              
11              
11              
11              
11              
11              
11              
11              
11              
11              
11              
11              
11              
11              
11              
10              
10              
10              
10              
10              
10              
10              
10              
11              
11              
11              
11              
11              
11              
11              
11              
11              
12              
12              
12              
12              
12              
12              
12              
12              
12              
12              
13              
13              
13              
13              
13              
12              
12              
12              
12              
12              
12              
12              
12              
11              
11              
11              
11              
11              
11              
11              
11              
11              
11              
11              
11              
11              
11              
11              
10              
10              
9               
9               
9               
9               
10              
10              
10              
12              
14              
17              
19              
19              
19              
21              
22              
22              
21              
21              
22              
22              
20              
18              
17              
16              
15              
14              
12              
12              
11              
10              
9               
8               
6               
5               
4               
4               
3               
2               
2               
2               
3               
4               
6               
6               
6               
6               
6               
6               
6               
6               
6               
6               
6               
6               
6               
6               
6               
6               
6               
6               
10              
10              
32              
32              
32              
32              
32              
32              
32              
32              
32              
32              
32              
32              
32              
32              
32              
32              
32              
32              
23              
21              
20              
20              
20              
20              
21              
22              
24              
27              
29              
31              
32              
32              
31              
30              
28              
28              
28              
29              
29              
30              
30              
30              
29              
28              
28              
28              
28              
29              
30              
31              
30              
29              
26              
24              
23              
23              
23              
23              
24              
24              
25              
25              
25              
24              
23              
23              
23              
22              
22              
21              
20              
20              
19              
19              
19              
19              
19              
19              
19              
19              
20              
20              
20              
20              
20              
20              
20              
20              
21              
21              
21              
21              
21              
21              
21              
21              
21              
21              
22              
22              
22              
22              
22              
22              
22              
23              
23              
23              
23              
23              
23              
23              
23              
23              
23              
23              
23              
23              
23              
23              
23              
23              
23              
23              
23              
23              
23              
24              
24              
24              
24              
24              
24              
24              
24              
23              
23              
23              
23              
22              
22              
22              
22              
22              
21              
21              
21              
21              
21              
21              
21              
21              
21              
22              
22              
22              
22              
22              
23              
23              
23              
24              
24              
24              
25              
25              
25              
25              
25              
25              
25              
25              
25              
25              
24              
24              
24              
23              
23              
23              
22              
22              
21              
21              
20              
20              
19              
19              
18              
18              
18              
17              
17              
17              
17              
17              
16              
16              
16              
16              
16              
16              
16              
15              
15              
15              
15              
14              
14              
13              
13              
13              
13              
12              
12              
12              
12              
12              
11              
11              
11              
10              
10              
9               
9               
9               
8               
8               
8               
7               
7               
7               
7               
7               
7               
6               
6               
6               
6               
6               
6               
6               
6               
6               
6               
6               
6               
6               
6               
6               
6               
7               
7               
7               
7               
7               
7               
7               
7               
7               
7               
7               
7               
7               
7               
7               
8               
8               
8               
8               
8               
8               
8               
8               
8               
7               
7               
7               
7               
7               
7               
7               
7               
7               
7               
7               
7               
7               
7               
7               
6               
6               
6               
6               
6               
6               
6               
6               
6               
6               
5               
5               
5               
5               
5               
5               
5               
5               
5               
5               
5               
5               
5               
4               
4               
4               
4               
4               
4               
4               
4               
4               
4               
4               
4               
4               
3               
3               
3               
3               
3               
3               
3               
3               
3               
3               
3               
3               
3               
3               
3               
4               
4               
4               
4               
4               
4               
4               
3               
3               
3               
3               
3               
3               
3               
3               
3               
3               
3               
3               
3               
3               
3               
3               
3               
3               
3               
3               
3               
3               
3               
3               
3               
3               
3               
3               
3               
3               
3               
3               
3               
3               
3               
3               
3               
3               
3               
3               
3               
3               
3               
3               
3               
3               
4               
4               
4               
4               
4               
4               
4               
4               
4               
5               
5               
5               
5               
5               
5               
6               
6               
6               
6               
6               
6               
6               
7               
7               
7               
7               
7               
7               
7               
7               
7               
7               
7               
7               
7               
7               
7               
7               
7               
7               
7               
7               
7               
7               
7               
7               
7               
7               
7               
7               
7               
7               
7               
7               
7               
7               
7               
7               
7               
7               
7               
8               
8               
8               
8               
8               
8               
8               
8               
8               
7               
7               
7               
7               
7               
7               
7               
7               
7               
7               
7               
7               
7               
7               
7               
7               
7               
7               
7               
7               
7               
7               
7               
7               
7               
7               
7               
7               
7               
7               
7               
7               
7               
7               
7               
7               
6               
6               
7               
7               
7               
7               
7               
7               
7               
7               
7               
6               
6               
6               
6               
7               
8               
9               
10              
9               
8               
8               
9               
10              
12              
13              
15              
17              
21              
23              
24              
23              
23              
23              
21              
19              
19              
20              
21              
22              
20              
19              
18              
17              
16              
15              
13              
11              
10              
9               
8               
7               
6               
5               
5               
4               
4               
4               
5               
6               
6               
6               
6               
6               
6               
6               
6               
6               
6               
6               
6               
6               
6               
6               
6               
6               
6               
6               
11              
11              
32              
32              
32              
32              
32              
32              
32              
32              
32              
32              
32              
32              
32              
32              
32              
32              
32              
32              
32              
32              
32              
32              
32              
32              
32              
32              
32              
32              
32              
32              
32              
32              
32              
32              
32              
32              
32              
32              
32              
32              
32              
32              
32              
32              
32              
32              
32              
32              
32              
32              
32              
32              
32              
32              
32              
32              
32              
32              
32              
32              
32              
32              
32              
32              
32              
32              
32              
32              
32              
32              
32              
32              
32              
32              
32              
32              
32              
32              
32              
32              
32              
32              
32              
32              
32              
32              
32              
32              
32              
32              
32              
32              
32              
32              
32              
32              
32              
32              
32              
32              
32              
32              
32              
32              
32              
32              
32              
32              
32              
32              
32              
32              
32              
32              
32              
32              
32              
32              
32              
32              
32              
32              
32              
32              
32              
32              
32              
32              
32              
32              
32              
32              
32              
32              
32              
32              
32              
32              
32              
32              
32              
32              
32              
32              
32              
32              
32              
32              
32              
32              
32              
32              
32              
32              
32              
32              
32              
32              
32              
32              
32              
32              
32              
32              
32              
32              
32              
32              
32              
32              
32              
32              
32              
32              
32              
32              
32              
32              
32              
32              
32              
32              
32              
32              
32              
32              
32              
32              
32              
32              
32              
32              
32              
32              
32              
32              
32              
32              
32              
32              
32              
32              
32              
32              
32              
32              
32              
32              
32              
32              
32              
32              
32              
32              
32              
32              
32              
32              
32              
32              
32              
32              
32              
32              
32              
32              
32              
32              
32              
32              
32              
32              
32              
32              
32              
32              
32              
32              
32              
32              
32              
32              
32              
32              
32              
32              
32              
32              
32              
32              
32              
32              
32              
32              
32              
32              
32              
32              
32              
32              
32              
32              
32              
32              
32              
32              
32              
32              
32              
32              
32              
32              
32              
32              
32              
32              
32              
32              
32              
32              
32              
32              
32              
32              
32              
32              
32              
32              
32              
32              
32              
32              
32              
32              
32              
32              
32              
32              
32              
32              
32              
32              
32              
32              
32              
32              
32              
32              
32              
32              
32              
32              
32              
32              
32              
32              
32              
32              
32              
32              
32              
32              
32              
32              
32              
32              
32              
32              
32              
32              
32              
32              
32              
32              
32              
32              
32              
32              
32              
32              
32              
32              
32              
32              
32              
32              
32              
32              
32              
32              
32              
32              
32              
32              
32              
32              
32              
32              
32              
32              
32              
32              
32              
32              
32              
32              
32              
32              
32              
32              
32              
32              
32              
32              
32              
32              
32              
32              
32              
32              
32              
32              
32              
32              
32              
32              
32              
32              
32              
32              
32              
32              
32              
32              
32              
32              
32              
32              
32              
32              
32              
32              
32              
32              
32              
32              
32              
32              
32              
32              
32              
32              
32              
32              
32              
32              
32              
32              
32              
32              
32              
32              
32              
32              
32              
32              
32              
32              
32              
32              
32              
32              
32              
32              
32              
32              
32              
32              
32              
32              
32              
32              
32              
32              
32              
32              
32              
32              
32              
32              
32              
32              
32              
32              
32              
32              
32              
32              
32              
32              
32              
32              
32              
32              
32              
32              
32              
32              
32              
32              
32              
32              
32              
32              
32              
32              
32              
32              
32              
32              
32              
32              
32              
32              
32              
32              
32              
32              
32              
32              
32              
32              
32              
32              
32              
32              
32              
32              
32              
32              
32              
32              
32              
32              
32              
32              
32              
32              
32              
32              
32              
32              
32              
32              
32              
32              
32              
32              
32              
32              
32              
32              
32              
32              
32              
32              
32              
32              
32              
32              
32              
32              
32              
32              
32              
32              
32              
32              
32              
32              
32              
32              
32              
32              
32              
32              
32              
32              
32              
32              
32              
32              
32              
32              
32              
32              
32              
32              
32              
32              
32              
32              
32              
32              
32              
32              
32              
32              
32              
32              
32              
32              
32              
32              
32              
32              
32              
32              
32              
32              
32              
32              
32              
32              
32              
32              
32              
32              
32              
32              
32              
32              
32              
32              
32              
32              
32              
32              
32              
32              
32              
32              
32              
32              
32              
32              
32              
32              
32              
32              
32              
32              
32              
32              
32              
32              
32              
32              
32              
32              
32              
32              
32              
32              
32              
32              
32              
32              
32              
32              
32              
32              
32              
32              
32              
32              
32              
32              
32              
32              
32              
32              
32              
32              
32              
32              
32              
32              
32              
32              
32              
32              
32              
32              
32              
32              
32              
32              
32              
32              
32              
32              
32              
32              
32              
32              
32              
32              
32              
32              
32              
32              
32              
32              
32              
32              
32              
32              
32              
32              
32              
32              
32              
32              
32              
32              
32              
32              
32              
32              
32              
32              
32              
32              
32              
32              
32              
32              
32              
32              
32              
32              
32              
32              
32              
32              
32              
32              
32              
32              
32              
32              
32              
32              
32              
32              
32              
32              
32              
32              
32              
32              
32              
32              
32              
32              
32              
32              
32              
32              
32              
32              
32              
32              
32              
32              
32              
32              
32              
32              
32              
32              
32              
32              
32              
32              
32              
32              
32              
32              
32              
32              
32              
32              
32              
32              
32              
32              
32              
32              
32              
32              
32              
32              
32              
32              
32              
32              
32              
32              
32              
32              
32              
32              
32              
32              
32              
32              
32              
32              
32              
32              
32              
32              
32              
32              
32              
32              
32              
32              
32              
32              
32              
32              
32              
32              
32              
32              
32              
32              
32              
32              
32              
32              
32              
32              
32              
32              
32              
32              
32              
32              
32              
32              
32              
32              
32              
32              
32              
32              
32              
32              
32              
32              
32              
32              
32              
32              
32              
32              
32              
32              
32              
32              
32              
32              
32              
32              
32              
32              
32              
32              
32              
32              
32              
32              
32              
32              
32              
32              
32              
32              
32              
32              
32              
32              
32              
32              
32              
32              
32              
32              
32              
32              
32              
32              
32              
32              
32              
32              
32              
32              
32              
32              
32              
32              
32              
32              
32              
32              
32              
32              
32              
32              
32              
32              
32              
32              
32              
32              
32              
32              
32              
32              
32              
32              
32              
32              
32              
32              
32              
32              
32              
32              
32              
32              
32              
32              
32              
32              
32              
32              
32              
32              
32              
32              
32              
32              
32              
32              
32              
32              
32              
32              
32              
32              
32              
32              
32              
32              
32              
32              
32              
32              
32              
32              
32              
32              
32              
32              
32              
32              
32              
32              
32              
32              
32              
32              
32              
32              
32              
32              
32              
32              
32              
32              
32              
32              
32              
32              
32              
32              
32              
32              
32              
32              
32              
32              
32              
32              
32              
32              
32              
32              
32              
32              
32              
32              
32              
32              
32              
32              
32              
32              
32              
32              
32              
32              
32              
32              
32              
32              
32              
32              
32              
32              
32              
32              
32              
32              
32              
32              
32              
32              
32              
32              
32              
32              
32              
32              
32              
32              
32              
32              
32              
32              
32              
32              
32              
32              
32              
32              
32              
32              
32              
32              
32              
32              
32              
32              
32              
32              
32              
32              
32              
32              
32              
32              
32              
32              
32              
32              
32              
32              
32              
32              
32              
32              
32              
32              
32              
32              
32              
32              
32              
32              
32              
32              
32              
32              
32              
32              
32              
32              
32              
32              
32              
32              
32              
32              
32              
32              
32              
32              
32              
32              
32              
32              
32              
32              
32              
32              
32              
32              
32              
32              
32              
32              
32              
32              
32              
32              
32              
32              
32              
32              
32              
32              
32              
32              
32              
32              
32              
32              
32              
32              
32              
32              
32              
32              
32              
32              
32              
32              
32              
32              
32              
32              
32              
32              
32              
32              
32              
32              
32              
32              
32              
32              
32              
32              
32              
32              
32              
32              
32              
32              
32              
32              
32              
32              
32              
32              
32              
32              
32              
32              
32              
32              
32              
32              
32              
32              
32              
32              
32              
32              
32              
32              
32              
32              
1               
6553            
32767           
45              
120             
20              
20              
-12             
-12             
0               
0               
0               
1               
200             
0               
0               
0               
32767           
6               
-12             
0               
-65             
-67             
-76             
-82             
-86             
-88             
-90             
-91             
-92             
-93             
-94             
-95             
-95             
-96             
-97             
-97             
-98             
-98             
-98             
-99             
-99             
-100            
-100            
-101            
-101            
-101            
-101            
-102            
-102            
-102            
-102            
-102            
-103            
-103            
-103            
-103            
-104            
-103            
-104            
-104            
-104            
-104            
-105            
-105            
-105            
-105            
-105            
-105            
-105            
-105            
-105            
-106            
-106            
-106            
-106            
-106            
-106            
-106            
-106            
-106            
-106            
-106            
-106            
-107            
-106            
-107            
-107            
-107            
-107            
-107            
-107            
-107            
-107            
-107            
-108            
-108            
-108            
-108            
-108            
-107            
-107            
-108            
-108            
-108            
-108            
-108            
-108            
-108            
-108            
-108            
-108            
-108            
-108            
-108            
-108            
-108            
-108            
-108            
-108            
-109            
-108            
-108            
-109            
-109            
-109            
-109            
-108            
-109            
-109            
-109            
-109            
-109            
-109            
-109            
-109            
-109            
-109            
-110            
-109            
-109            
-109            
-109            
-110            
-109            
-109            
-109            
-110            
-110            
-109            
-110            
-110            
-110            
-109            
-109            
-109            
-110            
-110            
-110            
-110            
-110            
-110            
-110            
-110            
-110            
-110            
-110            
-110            
-110            
-110            
-110            
-110            
-110            
-110            
-110            
-110            
-110            
-110            
-110            
-110            
-110            
-110            
-110            
-110            
-111            
-110            
-110            
-111            
-110            
-110            
-110            
-110            
-110            
-111            
-110            
-110            
-110            
-110            
-111            
-111            
-111            
-110            
-111            
-110            
-111            
-111            
-110            
-111            
-111            
-111            
-111            
-111            
-110            
-110            
-110            
-110            
-111            
-111            
-111            
-111            
-110            
-110            
-111            
-111            
-111            
-111            
-110            
-111            
-111            
-111            
-111            
-111            
-111            
-111            
-111            
-111            
-111            
-111            
-111            
-111            
-111            
-110            
-111            
-111            
-111            
-110            
-110            
-111            
-111            
-111            
-111            
-111            
-111            
-111            
-111            
-111            
-111            
-111            
-111            
-111            
-111            
-111            
-111            
-111            
-111            
-111            
-111            
-111            
-111            
-111            
-110            
-111            
-111            
-111            
-111            
-111            
-111            
-111            
-111            
-110            
-111            
-111            
-111            
-111            
-111            
-111            
-111            
-111            
-110            
-111            
-111            
-111            
-110            
-110            
-110            
-111            
-110            
-110            
-110            
-110            
-110            
-110            
-110            
-110            
-110            
-110            
-110            
-110            
-110            
-110            
-110            
-110            
-110            
-110            
-109            
-109            
-109            
-109            
-109            
-109            
-109            
-109            
-109            
-109            
-109            
-108            
-108            
-108            
-108            
-108            
-108            
-108            
-108            
-108            
-108            
-107            
-107            
-107            
-107            
-107            
-108            
-108            
-107            
-107            
-108            
-108            
-107            
-108            
-107            
-108            
-108            
-108            
-108            
-108            
-108            
-109            
-109            
-108            
-108            
-108            
-108            
-109            
-109            
-110            
-109            
-109            
-110            
-109            
-110            
-110            
-110            
-110            
-110            
-110            
-110            
-110            
-110            
-110            
-110            
-110            
-110            
-110            
-111            
-111            
-111            
-110            
-110            
-111            
-110            
-111            
-111            
-111            
-111            
-111            
-111            
-111            
-111            
-111            
-111            
-111            
-111            
-111            
-111            
-111            
-111            
-111            
-111            
-111            
-111            
-111            
-111            
-111            
-111            
-111            
-111            
-112            
-111            
-111            
-111            
-111            
-111            
-111            
-111            
-111            
-111            
-111            
-111            
-111            
-112            
-112            
-112            
-112            
-111            
-112            
-112            
-112            
-112            
-112            
-111            
-111            
-112            
-112            
-112            
-112            
-112            
-112            
-112            
-112            
-112            
-112            
-112            
-112            
-112            
-111            
-111            
-111            
-112            
-111            
-111            
-112            
-112            
-112            
-112            
-112            
-112            
-111            
-111            
-112            
-112            
-112            
-112            
-112            
-112            
-112            
-112            
-112            
-111            
-112            
-112            
-112            
-112            
-112            
-112            
-111            
-112            
-112            
-112            
-112            
-112            
-112            
-112            
-112            
-112            
-112            
-112            
-112            
-112            
-112            
-112            
-112            
-111            
-112            
-112            
-111            
-112            
-112            
-111            
-111            
-111            
-112            
-112            
-112            
-112            
-111            
-111            
-110            
-110            
-110            
-109            
-109            
-109            
-110            
-110            
-111            
-111            
-112            
-112            
-112            
-112            
-112            
-113            
-114            
-114            
-115            
-65             
-67             
-75             
-82             
-86             
-89             
-90             
-91             
-92             
-94             
-94             
-95             
-96             
-96             
-97             
-97             
-98             
-98             
-99             
-99             
-99             
-100            
-101            
-101            
-101            
-101            
-101            
-102            
-102            
-102            
-102            
-103            
-103            
-103            
-103            
-104            
-103            
-104            
-104            
-104            
-104            
-104            
-105            
-105            
-105            
-105            
-105            
-105            
-106            
-105            
-105            
-106            
-106            
-106            
-106            
-106            
-106            
-106            
-106            
-106            
-107            
-107            
-107            
-107            
-107            
-107            
-107            
-107            
-107            
-107            
-107            
-107            
-107            
-108            
-108            
-108            
-108            
-108            
-108            
-108            
-108            
-108            
-108            
-109            
-108            
-108            
-108            
-109            
-109            
-109            
-109            
-109            
-109            
-109            
-109            
-109            
-109            
-109            
-109            
-109            
-109            
-109            
-109            
-109            
-109            
-109            
-109            
-109            
-109            
-110            
-109            
-109            
-109            
-109            
-110            
-110            
-110            
-110            
-110            
-110            
-110            
-110            
-110            
-110            
-110            
-110            
-109            
-110            
-110            
-110            
-110            
-110            
-110            
-110            
-109            
-110            
-110            
-110            
-110            
-110            
-110            
-110            
-110            
-110            
-110            
-110            
-110            
-111            
-110            
-110            
-110            
-110            
-110            
-111            
-110            
-111            
-111            
-111            
-111            
-110            
-111            
-111            
-110            
-110            
-111            
-111            
-111            
-111            
-111            
-110            
-110            
-110            
-111            
-110            
-111            
-111            
-111            
-110            
-110            
-111            
-110            
-110            
-111            
-111            
-111            
-111            
-111            
-110            
-111            
-111            
-111            
-110            
-111            
-111            
-111            
-111            
-111            
-111            
-111            
-111            
-111            
-111            
-111            
-111            
-111            
-111            
-111            
-111            
-111            
-111            
-111            
-111            
-111            
-111            
-111            
-111            
-111            
-111            
-111            
-111            
-111            
-111            
-111            
-111            
-111            
-111            
-111            
-111            
-111            
-111            
-111            
-111            
-111            
-111            
-111            
-111            
-111            
-111            
-111            
-111            
-111            
-111            
-111            
-111            
-111            
-111            
-111            
-111            
-111            
-111            
-111            
-111            
-111            
-111            
-111            
-110            
-111            
-111            
-112            
-111            
-111            
-111            
-111            
-111            
-111            
-111            
-111            
-111            
-111            
-111            
-111            
-111            
-111            
-111            
-111            
-111            
-111            
-111            
-111            
-111            
-111            
-111            
-111            
-111            
-111            
-111            
-111            
-111            
-111            
-111            
-111            
-111            
-111            
-111            
-111            
-111            
-111            
-111            
-111            
-111            
-111            
-111            
-111            
-110            
-110            
-110            
-110            
-111            
-110            
-111            
-110            
-110            
-110            
-110            
-110            
-110            
-111            
-111            
-111            
-110            
-110            
-110            
-110            
-110            
-110            
-110            
-110            
-110            
-110            
-110            
-109            
-110            
-109            
-110            
-109            
-109            
-109            
-109            
-109            
-109            
-109            
-108            
-109            
-109            
-109            
-109            
-109            
-108            
-108            
-108            
-108            
-108            
-108            
-108            
-108            
-107            
-108            
-108            
-108            
-108            
-108            
-108            
-108            
-108            
-108            
-108            
-108            
-108            
-108            
-108            
-108            
-108            
-108            
-108            
-108            
-108            
-108            
-109            
-109            
-109            
-109            
-109            
-109            
-109            
-109            
-109            
-110            
-110            
-109            
-109            
-109            
-110            
-110            
-110            
-110            
-110            
-110            
-110            
-110            
-110            
-110            
-110            
-111            
-110            
-111            
-111            
-111            
-111            
-111            
-111            
-110            
-111            
-111            
-111            
-111            
-111            
-111            
-111            
-111            
-111            
-111            
-111            
-111            
-111            
-111            
-111            
-111            
-111            
-111            
-111            
-111            
-111            
-111            
-111            
-111            
-112            
-112            
-112            
-111            
-112            
-111            
-111            
-112            
-111            
-111            
-111            
-111            
-112            
-111            
-111            
-111            
-111            
-112            
-112            
-112            
-111            
-112            
-111            
-112            
-111            
-112            
-111            
-111            
-112            
-112            
-112            
-112            
-111            
-111            
-111            
-111            
-111            
-111            
-112            
-111            
-112            
-112            
-112            
-112            
-111            
-112            
-112            
-112            
-112            
-111            
-112            
-112            
-111            
-111            
-112            
-112            
-112            
-112            
-111            
-111            
-111            
-111            
-111            
-111            
-111            
-111            
-111            
-111            
-112            
-112            
-112            
-112            
-112            
-113            
-113            
-114            
-115            
-115            
0               
0               
6               
0               
-15             
1               
0               
-12             
2344            
4687            
0               
-15             
-3              
-20             
1               
9830            
1638            
655             
0               
-20             
0               
-20             
300             
300             
0               
0               
0               
0               
32767           
0               
4               
10976           
0               
-96             
28642           
0               
0               
-13             
27000           
27000           
27000           
27000           
16384           
-12             
-18             
96              
440             
6826            
6826            
6826            
6826            
6826            
0               
1               
20              
-3              
-15             
-15             
1               
0               
-6              
-6              
1000            
1000            
3               
3               
0               
0               
300             
0               
100             
1               
0               
17000           
0               
20              
4               
2048            
120             
100             
-1536           
9000            
100             
-2048           
14000           
100             
-2560           
19000           
100             
0               
3800            
250             
-5632           
15500           
200             
0               
300             
200             
0               
1000            
100             
0               
20              
96              
0               
20              
96              
2               
0               
200             
100             
-16             
2000            
100             
-16             
1               
1               
20              
5               
0               
20              
0               
0               
5000            
60000           
-96             
-33             
-25             
-15             
0               
-96             
-33             
-33             
-33             
-33             
0               
0               
700             
2               
1               
20              
0               
0               
10000           
10000           
-96             
0               
0               
0               
0               
-96             
0               
0               
0               
0               
1               
0               
20              
2               
1               
20              
0               
0               
10000           
10000           
-96             
0               
0               
0               
0               
-96             
0               
0               
0               
0               
1               
0               
20              
2               
1               
20              
0               
0               
10000           
10000           
-96             
0               
0               
0               
0               
-96             
0               
0               
0               
0               
1               
0               
20              
2               
1               
20              
0               
0               
10000           
10000           
-96             
0               
0               
0               
0               
-96             
0               
0               
0               
0               
1               
0               
1               
20              
5               
0               
20              
0               
0               
1000            
60000           
-96             
-33             
-25             
-15             
0               
-96             
-33             
-33             
-33             
-33             
1               
0               
1               
0               
25              
0               
0               
90              
75              
100             
10              
10              
0               
0               
-20             
-20             
-96             
-20             
-6              
3               
50              
30              
500             
0               
0               
0               
0               
40              
22              
43              
0               
132             
0               
92              
0               
4               
4               
10              
0               
0               
1               
2               
1               
0               
0               
0               
0               
0               
-30             
0               
100             
96              
86              
6826            
6826            
6826            
6826            
6826            
6826            
6826            
6826            
6826            
6826            

// Volume 0
